4.218430236111347931e-02
8.977969096078253219e-02
2.466781793536287903e-01
6.456388880576011680e-01
1.586175250170529516e-02
2.988386737209322019e-01
5.896704023081844603e-03
1.937076074944066306e-02
8.043533945140790564e-03
4.169425044740671105e-02
8.377824514830014557e-01
1.697122325253541675e-02
8.180460939851152968e-02
2.567146542040660284e-01
9.593505599579277288e-03
2.728138624159592851e-02
1.972239540833953253e-02
1.894900213597283667e-02
8.624210651490623603e-01
2.013293812588212717e-02
5.996861203115777528e-02
9.887403328165178529e-03
9.073078044290694422e-03
4.995727206326094905e-02
9.067296168661975742e-03
1.913953136120227771e-02
2.383819440810055479e-01
2.791020666939171280e-01
9.257215860171075228e-02
1.323435146318058253e-01
2.204522962631023653e-01
5.566671569891745719e-02
1.454508948448152150e-02
2.679618361706614937e-02
3.988660181915955061e-01
1.843127806303546112e-02
5.498858120528085092e-01
1.326842385599547036e-02
6.364531756130398232e-02
1.112819278668613077e-01
9.164059934464008350e-03
1.093264532225068919e-02
2.828226002246669868e-02
2.783087153230831001e-01
1.111296358607705148e-02
4.474424401031105170e-01
2.809708205953331817e-02
1.631479655226153458e-02
2.167750240808286044e-02
7.931442591567972045e-03
7.872443718959398762e-02
1.491313672841332316e-02
2.521931215188557562e-01
2.310282532027441160e-02
8.508087185158289545e-01
4.333065476151176654e-02
3.651804815947434779e-02
1.047230781397634480e-02
2.982161335529354140e-02
5.441224018359913650e-02
2.196160408823710775e-02
9.345940381019102183e-03
6.100244730068470345e-01
7.896683670604143224e-03
8.889657261905603569e-03
1.778355872612812361e-01
1.352829387681553364e-02
8.864348115464104616e-03
1.909603096088291485e-01
3.735600938496230761e-03
9.654689548087336259e-02
5.949665075726433550e-01
5.285226424482591945e-03
1.046269229731655592e-02
1.174827704592666944e-01
4.060035260841199367e-03
4.622950646492673954e-02
4.886640810395026513e-03
7.997139758426308198e-03
1.246760400172308714e-02
7.384901252723508058e-03
7.518426949715495411e-03
6.616748155922114183e-02
9.693393721076748459e-01
5.727748741618632344e-02
2.872191309611493715e-02
1.203165129883265738e-02
2.601508865523016745e-01
3.602073316229303934e-03
7.037293894055496324e-03
1.099188517305926815e-02
1.303383560583426526e-02
1.812423408191843333e-01
8.783165425790828706e-03
7.381507699197652483e-01
2.503928219706264002e-02
2.359929795960402643e-02
3.897135765149162268e-03
3.504361733942351620e-02
1.420702496903529788e-01
9.823740989473443985e-01
2.615003928878254502e-01
5.996407872448927812e-03
4.416071115241892997e-03
1.941659699499576064e-02
5.736514930142626589e-01
7.080659021296731304e-03
4.703475438990079027e-03
1.877370240621711872e-02
1.957693459381282253e-02
9.972090041835302010e-03
3.596985746573344578e-02
1.005609324074996369e-02
5.987243714959844532e-03
1.281766980403087342e-02
2.163628758369995353e-02
1.140689588729881798e-02
4.812517819303252509e-02
1.601424266407580621e-02
4.679629790894113128e-02
8.759714937088602937e-03
7.441229033168288431e-01
4.253397596367014533e-02
6.956757658790946319e-02
8.052628659872107519e-03
3.481546434247538846e-01
1.504982354256900745e-02
6.645218557961884986e-01
1.941422548245141932e-01
8.231943175535523238e-01
2.808126901123018104e-01
5.455974991367407156e-03
8.443357280505936480e-03
1.661933957058381317e-02
1.075305861513279337e-01
8.764422609859240376e-01
3.253101177850215020e-02
7.216376089827991613e-02
2.471145785804829131e-02
1.436888779297273988e-02
2.840194686615752362e-01
1.146334142412334112e-01
5.210357700533241321e-03
7.245528904041029783e-01
4.759665097074006201e-02
2.092660425456271955e-02
8.745924392338233488e-03
5.197517649472405132e-03
9.324028349201174404e-02
2.515365223653820426e-02
8.419567678068640149e-02
8.818316664981007413e-03
2.639893418737567776e-01
1.106050888567600143e-02
3.941854592692639603e-02
7.821877728019133169e-02
6.099146983867276273e-02
2.944379406604014093e-02
4.045125116421299794e-03
2.891809698237446380e-02
1.063348418677553253e-01
1.794966063446579163e-02
6.809926145310618573e-03
5.115408356887496399e-02
9.818377108658637997e-02
5.183384162295507913e-01
7.262185997295622641e-02
4.693397692568040958e-01
4.917809338783363238e-02
1.697268496516834979e-02
1.182550183865338500e-02
1.243823560694848895e-01
8.024583619686720404e-03
2.243805901950857162e-02
3.979608081783736484e-02
1.179236190903498738e-02
5.024312412457221377e-02
2.886899498505701711e-02
2.016646680953104731e-02
1.356313399091657601e-02
8.073378446937684583e-02
1.580156476478014049e-01
5.178863340546180360e-03
1.004983430425065993e-02
3.250378319899094315e-02
1.309453325375253829e-02
9.189457753090768399e-03
3.267853416500043906e-02
8.295922240373343470e-03
1.180703175100893398e-01
3.932772563217901141e-02
5.229948125292205319e-03
1.266131360572401165e-01
5.220807665876538994e-01
8.437404654861901943e-01
5.737380491560362117e-03
4.603825565767938333e-02
3.630866498070917103e-02
3.811051829208034203e-02
1.477412414195367063e-02
6.579517719685568089e-03
9.021573825531594704e-01
9.455949215743220115e-03
2.499190249806315656e-02
2.123531408481926785e-02
1.390249283258804258e-02
7.679363406098982381e-03
2.231429323530509379e-02
2.287232185907450699e-02
4.247565539128916878e-02
9.756765409853485060e-03
7.846958076071186561e-02
7.195716224414228090e-01
5.893904869229982246e-02
1.294805971936063838e-02
5.317611025809187986e-03
4.112851257259142468e-02
5.725797571802693220e-03
1.788213615091924780e-01
3.857052216088563412e-03
5.929265954083940970e-01
9.666528536402547722e-01
6.985948129291430497e-02
8.509109438440666251e-01
1.186625478717429072e-02
2.665743699005651557e-02
4.053186647626167982e-01
5.873808292193749558e-03
1.144807955259000698e-01
1.702619314502074044e-02
7.274588818510141497e-02
1.151595148559947379e-02
2.814974752869559005e-02
8.253825298893820994e-01
8.999795960909975356e-01
8.588425555213822227e-01
2.165395380944620252e-01
7.080713482176366202e-01
1.454628873202279404e-02
1.105484114481791735e-02
4.971071040527796914e-02
7.966196525924884586e-01
7.720874852325643189e-03
1.226852640326092647e-02
2.965387624992746884e-01
5.602379653625311207e-03
1.300325614472408464e-02
1.308356853343706216e-02
2.441441708530878163e-02
3.935494131857342204e-03
1.596733690288643093e-02
2.679088929263662155e-02
9.480907627800471138e-01
7.789267030713387108e-02
1.495393178675638035e-01
2.422526737591064183e-01
8.235048659220878253e-01
1.539228928758940018e-02
1.486459391534820096e-01
1.180851878110000808e-02
1.798731779723328206e-02
6.214445277639890630e-02
8.723791397968333472e-01
1.864070241662624250e-01
9.609729220538487660e-03
1.082735047382510363e-02
2.118422262477481777e-02
9.508601744230066322e-01
2.903372334195986060e-02
3.716403062583883976e-02
1.240662631176786546e-01
2.095730546728478139e-01
9.479872131933696489e-01
1.542715890161794334e-02
2.970188702250819990e-02
8.594330325307653062e-03
1.750552480995315463e-02
1.826380258276083524e-02
2.895692469921062884e-02
8.261744288585393114e-03
1.527491647058354385e-02
7.689578317052043754e-01
8.446221137502737397e-01
7.818052180646690719e-01
1.725926997613425051e-02
8.586859538773021772e-01
9.909306170986176276e-03
5.703496437226784899e-03
3.248241383282179928e-02
2.439179658331525058e-02
1.086129381131550886e-02
2.534633795226098885e-01
3.501864341994431751e-02
1.389932394516868452e-02
7.351503783110113766e-03
4.787511232354824120e-02
1.623126096074489766e-02
1.014706195976411429e-02
1.234949904876381233e-02
2.839124238251966581e-02
3.074311800874296452e-02
8.617004571047715000e-02
6.047403652020277853e-03
6.576315626851334528e-01
4.465400252401052761e-03
5.079062118486143973e-02
2.345839984695619052e-02
2.460135823281295320e-02
7.284240859193884532e-01
4.294586135688696071e-01
7.934065937362899668e-03
7.694579209271172893e-01
4.278903908528297606e-02
1.249318321865979797e-01
2.525505546808159973e-02
1.593671347923775183e-02
1.143904699959796822e-02
9.269081453605720888e-03
7.575739531920275827e-01
1.220455670518215685e-01
6.716150594884062741e-03
1.143874377430087463e-02
1.268807926155322008e-01
2.193502153795170440e-01
7.849607610591440299e-01
4.576435897564334887e-02
7.510086286772454933e-02
3.117805925182037807e-02
6.512947197720442283e-03
4.010532511889597362e-02
2.841238047238497932e-01
1.251963853154336448e-02
1.439712822034455719e-02
3.687628692225075611e-02
2.686232762486600034e-01
1.499564589771279488e-01
1.514657069213498630e-02
2.292873092034108939e-02
1.267049634180039686e-02
3.143312231387851430e-02
4.199989871496387916e-01
1.454742462374836176e-02
3.538602193417794695e-02
3.930479010759768688e-02
1.312818398110127127e-02
3.454516815267631991e-01
1.625782911384705542e-01
5.152970934789502522e-03
7.502345076977112726e-03
7.925149908825979139e-03
5.508855925306099799e-01
7.736717165666262552e-03
1.331310423340849036e-01
2.801100048405691378e-02
5.397080743038262796e-01
2.079456729114359526e-02
1.535675833255173428e-01
2.776593400676241608e-02
9.110960992583538864e-02
3.436417552133387288e-01
8.726030265646635975e-01
7.739301453326696834e-02
2.417779534483865955e-02
3.756876015959376147e-02
8.936196465466444971e-01
1.412129051201838070e-02
1.598184000723834597e-02
1.054044132093845398e-02
1.043371308152851729e-01
1.007094071319194484e-01
4.349500837415798404e-02
1.037688379250009119e-01
8.517453319934118472e-01
5.177419939534244619e-03
3.935918703797697260e-01
7.360455183418102010e-03
1.505461125992668681e-02
2.010363331678821641e-02
6.210356340837763778e-01
1.842075071582771617e-02
7.768887912948940766e-03
9.050515063684750894e-01
5.088847611596447607e-03
7.446505417204496435e-02
1.318735881997828985e-01
8.377635580872455634e-03
2.899457897379353888e-02
4.000258970851688911e-02
2.092110231528709896e-02
1.893497092921880842e-02
4.953326758529796869e-02
5.866945464173545233e-03
1.024379880384045371e-01
1.435570937216479326e-02
1.413804585973359451e-01
1.685254003764491415e-02
1.296486887975256685e-02
8.519466007645415395e-03
3.597267321888675262e-02
5.100970877891186639e-03
3.255558362356847368e-02
7.829494522482938201e-03
1.110265762072252249e-01
5.606086182240566096e-03
1.800230131105517994e-02
5.700359663492360340e-03
1.156061024206711529e-02
2.012321366323487348e-01
4.206437896795089948e-02
1.353031222236907860e-01
5.043479775648229690e-03
1.040656206424439567e-02
6.715547239420579517e-01
3.951396588337729998e-02
8.344936949992176611e-02
4.735553921116186782e-02
2.277002498142799425e-02
2.228408209158549980e-02
1.041162381874327636e-02
7.635226126540661795e-02
9.064524535735947186e-01
9.633683561890316049e-03
1.478489991821130278e-02
1.144116340685352728e-02
3.793004643029085354e-02
3.178764895596261075e-01
9.992568128025847152e-03
7.914264079344479619e-03
2.091240592747412030e-02
1.204655156602129074e-01
2.382086427328389266e-02
3.843362703291319793e-02
1.909434324223524548e-02
7.206549139210616239e-02
8.544026012677474746e-02
3.209323170603939346e-02
2.266785553869625769e-01
7.683108274580534580e-01
5.728105328111705585e-01
2.147872760599800479e-02
1.507557194820228208e-01
9.673342725962874589e-03
5.993338007967430325e-02
2.474743755383246313e-02
1.125445358376631066e-02
2.021798091090942773e-01
8.912186741176073568e-01
7.505720783092750814e-03
7.208225285928548942e-01
1.182038866693475576e-01
6.576266453431867109e-02
1.084664402272861317e-02
1.705183437348734010e-02
3.004705666618434634e-02
1.194846321345879314e-01
2.841292902940317777e-02
1.466830399635232762e-02
7.366508749590741090e-01
1.042309033504085214e-02
8.070613849879686441e-01
6.245790503903503321e-03
2.525871162013348936e-02
4.797037392410972156e-01
6.478799978196625453e-02
2.681642664345729177e-02
8.483055462388366941e-03
8.261660605534359991e-02
1.985627474965134809e-02
5.284991160503405005e-03
6.952998318103998932e-01
7.605999169648325342e-03
6.352401285367005324e-01
6.189113367759042639e-01
3.490977304061559927e-02
2.652511744165586549e-02
1.668780864289687305e-02
6.468977332855230244e-03
9.183653424067865778e-01
2.945108294764975376e-02
3.260276800315331514e-02
2.313906145489252886e-02
1.251420953992110618e-02
8.830436013271625306e-02
1.957440670109544811e-02
8.113086087245813260e-03
6.276927279886823641e-03
2.277724220690557910e-02
1.225143269617934294e-02
1.275304948371872582e-01
5.063647787907710196e-02
1.115962344773824277e-02
8.199653774384987326e-01
5.641605796073423384e-03
1.872454718209382030e-02
1.506164123866881033e-01
2.462619113591824060e-02
3.930048832471838560e-01
2.208542788246159461e-02
6.762217152737393100e-03
1.769565149685092820e-02
7.670246692474180783e-03
1.467685403178589088e-01
4.881994995011609273e-01
1.037519904571010398e-01
8.648024074523830151e-02
1.007334112136770710e-02
9.555551041854404293e-02
2.208378870920713055e-02
2.789011855247269800e-02
6.056044261260027373e-01
5.935543402567913240e-01
1.051652669408964513e-02
7.269349816052417257e-01
1.077693464128881562e-01
9.214144550583425186e-02
2.065934729360330291e-02
1.114722178413773968e-02
1.590694939277625952e-02
1.317184209091959435e-02
6.427687391982850329e-03
4.552062437172900156e-01
8.489485846237765365e-03
6.946927109226108676e-02
1.834817200774629953e-02
2.048711672865412003e-01
4.482492668075654940e-03
4.177035674249951480e-02
1.772237425129907784e-02
1.716971628896974966e-01
3.276611463734613316e-02
9.032506193812384065e-02
1.807356481741195786e-02
9.669319949585752916e-03
4.601435648663798617e-02
2.041916343862248961e-02
8.724852008568539929e-03
2.266421517472638758e-02
9.141105045637479831e-01
2.098550964127812168e-01
1.183879106518337387e-02
5.875266961103031704e-02
4.329861550312641416e-02
5.142945002983472236e-01
4.009827277313093852e-02
9.312956629470628966e-01
9.550525368202555931e-03
8.194240521756546158e-03
1.880978699366840923e-01
6.114098173201631958e-03
2.545869905601549910e-02
1.135273449760076936e-02
2.812887445671619080e-02
4.255669871590272990e-02
1.033637092074668473e-02
5.890438267554332086e-02
3.561405863316080556e-02
1.559354555387977292e-01
5.145310045103657082e-03
5.418252801647316375e-03
5.638055139627795587e-02
9.002995078420061859e-02
4.935284789595784094e-02
3.724718408605565134e-02
9.384605515063675352e-01
9.230068812329248473e-01
3.776258887566982247e-01
1.193798982353966309e-02
5.699366595911015132e-02
9.020339854820502712e-02
3.634810081008010840e-02
3.151074180807346137e-01
1.873006825571631451e-01
1.024804842055404563e-02
8.707020600683912370e-02
8.530743930360187299e-01
6.648641919493658570e-03
9.787500246638269896e-02
3.559137609598872487e-02
7.743279812978303145e-01
7.762432334633695419e-03
2.256174026466151172e-02
8.246534146036266222e-03
3.511048415578088555e-02
2.715164091768274002e-02
8.192832243378178614e-01
6.545463775863624711e-03
1.135301303828961661e-02
8.262451197364795163e-03
5.791141827202528347e-03
2.405312921588964592e-02
5.950300462547648550e-01
8.549476645995923718e-02
9.441746192945842386e-01
6.315715745410380721e-01
2.207881290319846368e-02
6.531282474731592291e-02
3.459477039694700551e-01
1.228773994936349645e-02
8.944555950732058225e-02
1.234638328833603804e-02
7.132337230143013240e-01
1.033855424922482946e-01
5.430460327278863186e-02
1.258885097739981251e-02
5.738030844098584993e-02
7.384633155804509741e-03
8.132298237878219371e-01
6.734627258881076273e-03
1.206506335551088549e-01
6.464833872204756027e-03
1.628424375156489745e-02
6.155823306220087332e-02
1.673309168548385850e-01
4.312578208749623387e-01
4.180259093889174826e-01
5.725666495219994268e-02
5.233914527953978935e-01
8.098084985723652540e-02
4.837485959635523525e-02
7.945235468219458141e-03
1.150123530941804528e-02
1.696378125276187809e-02
1.941681228196134867e-02
9.428549687444609528e-02
1.937655328863552295e-02
4.993755559698365154e-02
1.461869546509286799e-02
6.927716767115610352e-02
3.991047490501387074e-03
4.758707973813193215e-01
2.044982460697863935e-02
1.268076849606896150e-01
1.129382065087791709e-02
5.577726412531003319e-02
3.533261979456248092e-02
5.711782260778952569e-03
2.484755950583372730e-02
1.278328938088391098e-02
1.198156786089710213e-02
4.293412207623470422e-03
8.554269440676165459e-03
9.121978716699433720e-01
2.344046592081183711e-02
2.235176426094742652e-02
2.795763276338558700e-02
8.328921622527181157e-01
7.277517240685038580e-03
2.472246759604435073e-02
2.212498979329191595e-02
2.682647046295445481e-01
1.119682539928623655e-02
3.623826589427832090e-01
6.581474821847321799e-02
5.909133544826672413e-02
4.604714224866734984e-02
4.947042146803592999e-02
1.096401455924755908e-02
1.712447340068568025e-02
6.579003109842929131e-02
3.707753867671681469e-02
5.375964264380692637e-01
5.723966250852658977e-01
5.965900185646468845e-01
1.561862710936567922e-02
3.550372086750641643e-02
3.814319133955990093e-02
6.679134958266108590e-03
2.213646972513261257e-02
9.592120009582153495e-01
1.795305007988023949e-02
1.130472739815546745e-02
3.583911097575764870e-02
2.533822011414410547e-02
2.367005781990068058e-01
2.629528690138188685e-01
1.443727343887757364e-02
6.241479509401874903e-01
4.971253138386333426e-02
1.585558191310898479e-02
2.484055744981683578e-02
2.852564065371632207e-02
2.804282042217010051e-02
1.481987725037425818e-02
3.324650065970965462e-01
7.551996277141648228e-03
2.518194772935045123e-02
9.428361946555983142e-01
3.360418037908941002e-02
8.344533827505562495e-02
6.180786605442079029e-03
4.013518462904863693e-02
5.527703500836167461e-02
1.843642964865666034e-02
8.423462188941077677e-03
5.831835851806466131e-03
6.327351684268178733e-02
2.615724556629139830e-02
9.792339100303082411e-03
2.663286852002566540e-02
2.961383529092631584e-02
9.154440364135674191e-02
8.842861264445489589e-02
2.156071910633927668e-02
6.020469517467030851e-02
9.441181201026582759e-02
6.087877074728131888e-03
5.346400621268276865e-02
2.346100181536936446e-02
5.926780446894451826e-01
1.077253609851602789e-02
9.062273213741089961e-03
7.888596506960388055e-03
4.470528427872622057e-02
4.477213171097482736e-02
3.450907822337251352e-01
1.128356203497282717e-02
5.465820211851823984e-03
2.112543221632134927e-02
1.428543262034065453e-02
2.087783671777254657e-02
4.919200754561969813e-02
8.852283881636724416e-03
2.853078420718968555e-02
2.916082958974164363e-02
9.407423010045710132e-01
7.418088738354255973e-03
4.620347771086352751e-02
2.927400047516326431e-02
6.646619816434218286e-03
8.737918960084800624e-03
4.762972339958593260e-03
2.985044917315637925e-02
4.313263224547203567e-02
1.564676095200545625e-02
8.168653666902991883e-02
1.328551373617570253e-02
4.185988248451844029e-02
3.842384845282942329e-02
9.578281450182990486e-02
4.630900012589636017e-01
1.726227161399573884e-02
8.447863806068101056e-03
9.273688553172565463e-03
4.017314971545561386e-01
3.154234561464631659e-01
8.036933234990106811e-03
1.418068922091053619e-02
2.561738465754526128e-02
1.084860673730825287e-02
4.988095872654918495e-03
2.414166947038676181e-02
5.494477800081446484e-01
1.628803221209074170e-02
2.274682000398997594e-02
4.110582833533660274e-02
2.363955041905241305e-02
6.787807563736253380e-01
4.989610993428206243e-03
1.313731270656051109e-01
3.813740879263305406e-02
4.693048177786818265e-02
1.938937137404195266e-02
6.519190999334711911e-02
2.389343238650165624e-02
6.854582823287547200e-03
1.965933567386564107e-01
1.251328953798571675e-01
4.368444413839245311e-02
8.738029453492668353e-02
5.313113158976945360e-02
4.329026201161711995e-03
3.226423025729729943e-03
2.845518096519061846e-02
1.612553548118356161e-02
3.024394904166990417e-01
4.980172460899262576e-01
1.341838536542596660e-01
1.540554164178276064e-02
1.068335701362277401e-02
1.731249966179315702e-02
1.519356327166461185e-01
3.716976207116611253e-01
5.077780923031982585e-02
4.303696467979656326e-01
1.786291017306551598e-02
4.069207336486844184e-01
3.084510247797300764e-02
3.013903232088186446e-01
1.150814233875682158e-01
5.746455168465611774e-01
6.909343156829705901e-02
1.746977752712302046e-01
1.423030017080580967e-01
2.027481522058827146e-02
4.423014703610397280e-01
7.554711446527972996e-03
6.762172046337170395e-01
7.621525189549460677e-02
6.139538746802049030e-01
2.938020820009212830e-02
1.517670375636548386e-02
1.706965985095399985e-01
4.284949001869423624e-01
2.734373878130780255e-02
5.997150811121954028e-03
9.844502356283229005e-01
5.757600683777204242e-01
7.820279509975625043e-02
9.571911769708840723e-03
9.371892890681461363e-01
7.951531193433876155e-01
5.986383566973341175e-03
2.258065153751603882e-01
8.124778681747232278e-01
3.441199061894195665e-02
4.199674178997803153e-03
7.779318322866490831e-03
6.177986120106992995e-02
9.105737354306975284e-03
7.392019391994131272e-02
1.216877183951770025e-02
9.346065166670047830e-02
8.164093872455036038e-02
2.007980267319764422e-02
8.001327110630662709e-02
9.556802481168080732e-03
3.876640140883035324e-01
1.980889132720986545e-02
5.450368809580745655e-01
3.454294797282253526e-02
1.044925341889813009e-02
8.112615860950268543e-01
6.050514420642527647e-03
5.311578255177584751e-03
1.712279829361629258e-02
1.158564119775378209e-01
1.714229948596124320e-02
6.506765214060905578e-03
3.620800071129059994e-02
1.252771872897651129e-02
2.190697646361172701e-02
1.020974013056896723e-02
1.394818507409179009e-02
1.060603499607004618e-02
1.613229692753634925e-01
1.432745286247150140e-02
1.220197036733258189e-01
1.239870688482529459e-01
1.043837330384004281e-01
1.505440716773520649e-02
6.728613283785489507e-03
2.037667426411929883e-01
3.140363925074318718e-02
1.503943134523944014e-02
1.469730684412398070e-01
3.491070678951668782e-02
8.050143363584103540e-01
6.324569289789978566e-01
1.658847469727198209e-02
2.621910444590325184e-01
6.784462798777113335e-02
5.657040018739059040e-01
5.861303385093086238e-02
2.563165871342465429e-02
4.433678856710221439e-02
1.481397155406005695e-02
3.411991902178801439e-02
3.240335870339183799e-02
8.846136209028452324e-01
1.005736586500068919e-01
2.664866678039123915e-02
9.155839720181967456e-01
3.149637743279820601e-02
5.402415099530721854e-02
1.418086113170350382e-01
6.096395407886112672e-02
2.228262169610989440e-01
1.367323710701662254e-02
1.032354598095397424e-02
7.303104499188438625e-01
3.584886970934704209e-01
3.283313954867118634e-01
4.500153820696102258e-01
2.251474946689580037e-02
1.721962504784180226e-01
7.638036065120679119e-02
5.616991892847456036e-02
7.397591896549813306e-01
3.062745031853597588e-02
1.545528651689542787e-02
1.820292661996325556e-02
4.405520727488287935e-02
4.531228131888664912e-03
4.802638992702923382e-02
3.070769936867501215e-03
6.704587191264985702e-01
6.428629270543551044e-03
4.294596119699156667e-02
2.952289845007483038e-02
1.226006856988723914e-01
7.570190491236513664e-01
2.818717412101534592e-02
2.360977101230525843e-01
3.575805424999412008e-02
1.842633899183132584e-02
5.045258263096630280e-02
2.550367997543490084e-02
7.382024995610447782e-01
9.260422010939284299e-02
7.738462658845901565e-01
2.679005782057730656e-02
1.867428628203875451e-01
7.888914577032890563e-02
3.444831472459131128e-02
4.667808693584962754e-03
8.669549861678190750e-01
7.196078732690569524e-03
8.018162539151423296e-01
3.002482848875154264e-02
5.416380449179025725e-02
1.085499367853411945e-01
1.116387943691599105e-02
1.988439670278077109e-01
1.218152754627221945e-02
9.179243848336016143e-03
3.456173451829369636e-02
8.447020509995772919e-02
1.134850038588997023e-02
2.036748640198505766e-01
4.971002535160951030e-02
9.822086137235896963e-03
1.821170614951250766e-02
9.843363307436281406e-02
2.240772762807918816e-02
5.311559244258551304e-01
2.452744216408553335e-02
1.612626429981134368e-02
2.443228654653595289e-02
2.763088400383084675e-02
2.341455445355918874e-01
1.795204559416307966e-02
8.422912007302274517e-03
9.339705642095963434e-03
2.847575553621595201e-02
3.865150635584480021e-02
1.965459090369547912e-02
1.955908811507733880e-02
4.753030868183935054e-01
6.759716165758689055e-02
3.727141964509528282e-02
2.637858028242223707e-02
4.385773128746328631e-03
7.380962840946359016e-03
1.896644021053550677e-02
8.194457470124206777e-01
5.014621353821535621e-02
2.044667456700288710e-02
8.941529459867814111e-03
5.722097063730899880e-01
6.297967723767738946e-02
9.239092503241006504e-01
2.126968546685970018e-02
1.484833388697648360e-02
9.452324760088148814e-02
6.390940372719138285e-01
3.219234442943202934e-01
7.217338184980753857e-01
1.609182224073391065e-02
1.625703860918936705e-02
7.843858486925037177e-03
6.427119712850319910e-01
7.658964157820746799e-03
1.204940741918469893e-02
1.661977532387106660e-01
1.449073282304524923e-02
6.121035412597108927e-02
1.136954341566265292e-02
6.140121965153420014e-01
1.314132854010519047e-02
1.221750226890216950e-02
3.136447744747827837e-02
7.959660902434273488e-03
5.869895012087122943e-03
1.469974037602750361e-01
1.045025660761578212e-02
7.082999316943450197e-03
4.339042533013620639e-01
1.014183621920017320e-02
9.471993179089754911e-03
1.949747671728790932e-01
2.143689823948691231e-02
2.090160040926732909e-01
1.348449098686821390e-02
4.176809516286716928e-02
5.653931377245935419e-02
1.725890848645734721e-01
1.368067418376928135e-02
7.672543242226326221e-03
9.750345779324482987e-01
8.088242414319379847e-03
